1025
640
   0.000000   0.000000   0.000000
   0.250000   0.000000   0.000000
   0.500000   0.000000   0.000000
   0.750000   0.000000   0.000000
   1.000000   0.000000   0.000000
   1.250000   0.000000   0.000000
   1.500000   0.000000   0.000000
   1.750000   0.000000   0.000000
   2.000000   0.000000   0.000000
   2.250000   0.000000   0.000000
   2.500000   0.000000   0.000000
   2.750000   0.000000   0.000000
   3.000000   0.000000   0.000000
   3.250000   0.000000   0.000000
   3.500000   0.000000   0.000000
   3.750000   0.000000   0.000000
   4.000000   0.000000   0.000000
   4.250000   0.000000   0.000000
   4.500000   0.000000   0.000000
   4.750000   0.000000   0.000000
   5.000000   0.000000   0.000000
   5.250000   0.000000   0.000000
   5.500000   0.000000   0.000000
   5.750000   0.000000   0.000000
   6.000000   0.000000   0.000000
   6.250000   0.000000   0.000000
   6.500000   0.000000   0.000000
   6.750000   0.000000   0.000000
   7.000000   0.000000   0.000000
   7.250000   0.000000   0.000000
   7.500000   0.000000   0.000000
   7.750000   0.000000   0.000000
   8.000000   0.000000   0.000000
   8.250000   0.000000   0.000000
   8.500000   0.000000   0.000000
   8.750000   0.000000   0.000000
   9.000000   0.000000   0.000000
   9.250000   0.000000   0.000000
   9.500000   0.000000   0.000000
   9.750000   0.000000   0.000000
  10.000000   0.000000   0.000000
   0.000000   0.250000   0.000000
   0.250000   0.250000   0.000000
   0.500000   0.250000   0.000000
   0.750000   0.250000   0.000000
   1.000000   0.250000   0.000000
   1.250000   0.250000   0.000000
   1.500000   0.250000   0.000000
   1.750000   0.250000   0.000000
   2.000000   0.250000   0.000000
   2.250000   0.250000   0.000000
   2.500000   0.250000   0.000000
   2.750000   0.250000   0.000000
   3.000000   0.250000   0.000000
   3.250000   0.250000   0.000000
   3.500000   0.250000   0.000000
   3.750000   0.250000   0.000000
   4.000000   0.250000   0.000000
   4.250000   0.250000   0.000000
   4.500000   0.250000   0.000000
   4.750000   0.250000   0.000000
   5.000000   0.250000   0.000000
   5.250000   0.250000   0.000000
   5.500000   0.250000   0.000000
   5.750000   0.250000   0.000000
   6.000000   0.250000   0.000000
   6.250000   0.250000   0.000000
   6.500000   0.250000   0.000000
   6.750000   0.250000   0.000000
   7.000000   0.250000   0.000000
   7.250000   0.250000   0.000000
   7.500000   0.250000   0.000000
   7.750000   0.250000   0.000000
   8.000000   0.250000   0.000000
   8.250000   0.250000   0.000000
   8.500000   0.250000   0.000000
   8.750000   0.250000   0.000000
   9.000000   0.250000   0.000000
   9.250000   0.250000   0.000000
   9.500000   0.250000   0.000000
   9.750000   0.250000   0.000000
  10.000000   0.250000   0.000000
   0.000000   0.500000   0.000000
   0.250000   0.500000   0.000000
   0.500000   0.500000   0.000000
   0.750000   0.500000   0.000000
   1.000000   0.500000   0.000000
   1.250000   0.500000   0.000000
   1.500000   0.500000   0.000000
   1.750000   0.500000   0.000000
   2.000000   0.500000   0.000000
   2.250000   0.500000   0.000000
   2.500000   0.500000   0.000000
   2.750000   0.500000   0.000000
   3.000000   0.500000   0.000000
   3.250000   0.500000   0.000000
   3.500000   0.500000   0.000000
   3.750000   0.500000   0.000000
   4.000000   0.500000   0.000000
   4.250000   0.500000   0.000000
   4.500000   0.500000   0.000000
   4.750000   0.500000   0.000000
   5.000000   0.500000   0.000000
   5.250000   0.500000   0.000000
   5.500000   0.500000   0.000000
   5.750000   0.500000   0.000000
   6.000000   0.500000   0.000000
   6.250000   0.500000   0.000000
   6.500000   0.500000   0.000000
   6.750000   0.500000   0.000000
   7.000000   0.500000   0.000000
   7.250000   0.500000   0.000000
   7.500000   0.500000   0.000000
   7.750000   0.500000   0.000000
   8.000000   0.500000   0.000000
   8.250000   0.500000   0.000000
   8.500000   0.500000   0.000000
   8.750000   0.500000   0.000000
   9.000000   0.500000   0.000000
   9.250000   0.500000   0.000000
   9.500000   0.500000   0.000000
   9.750000   0.500000   0.000000
  10.000000   0.500000   0.000000
   0.000000   0.750000   0.000000
   0.250000   0.750000   0.000000
   0.500000   0.750000   0.000000
   0.750000   0.750000   0.000000
   1.000000   0.750000   0.000000
   1.250000   0.750000   0.000000
   1.500000   0.750000   0.000000
   1.750000   0.750000   0.000000
   2.000000   0.750000   0.000000
   2.250000   0.750000   0.000000
   2.500000   0.750000   0.000000
   2.750000   0.750000   0.000000
   3.000000   0.750000   0.000000
   3.250000   0.750000   0.000000
   3.500000   0.750000   0.000000
   3.750000   0.750000   0.000000
   4.000000   0.750000   0.000000
   4.250000   0.750000   0.000000
   4.500000   0.750000   0.000000
   4.750000   0.750000   0.000000
   5.000000   0.750000   0.000000
   5.250000   0.750000   0.000000
   5.500000   0.750000   0.000000
   5.750000   0.750000   0.000000
   6.000000   0.750000   0.000000
   6.250000   0.750000   0.000000
   6.500000   0.750000   0.000000
   6.750000   0.750000   0.000000
   7.000000   0.750000   0.000000
   7.250000   0.750000   0.000000
   7.500000   0.750000   0.000000
   7.750000   0.750000   0.000000
   8.000000   0.750000   0.000000
   8.250000   0.750000   0.000000
   8.500000   0.750000   0.000000
   8.750000   0.750000   0.000000
   9.000000   0.750000   0.000000
   9.250000   0.750000   0.000000
   9.500000   0.750000   0.000000
   9.750000   0.750000   0.000000
  10.000000   0.750000   0.000000
   0.000000   1.000000   0.000000
   0.250000   1.000000   0.000000
   0.500000   1.000000   0.000000
   0.750000   1.000000   0.000000
   1.000000   1.000000   0.000000
   1.250000   1.000000   0.000000
   1.500000   1.000000   0.000000
   1.750000   1.000000   0.000000
   2.000000   1.000000   0.000000
   2.250000   1.000000   0.000000
   2.500000   1.000000   0.000000
   2.750000   1.000000   0.000000
   3.000000   1.000000   0.000000
   3.250000   1.000000   0.000000
   3.500000   1.000000   0.000000
   3.750000   1.000000   0.000000
   4.000000   1.000000   0.000000
   4.250000   1.000000   0.000000
   4.500000   1.000000   0.000000
   4.750000   1.000000   0.000000
   5.000000   1.000000   0.000000
   5.250000   1.000000   0.000000
   5.500000   1.000000   0.000000
   5.750000   1.000000   0.000000
   6.000000   1.000000   0.000000
   6.250000   1.000000   0.000000
   6.500000   1.000000   0.000000
   6.750000   1.000000   0.000000
   7.000000   1.000000   0.000000
   7.250000   1.000000   0.000000
   7.500000   1.000000   0.000000
   7.750000   1.000000   0.000000
   8.000000   1.000000   0.000000
   8.250000   1.000000   0.000000
   8.500000   1.000000   0.000000
   8.750000   1.000000   0.000000
   9.000000   1.000000   0.000000
   9.250000   1.000000   0.000000
   9.500000   1.000000   0.000000
   9.750000   1.000000   0.000000
  10.000000   1.000000   0.000000
   0.000000   0.000000   0.250000
   0.250000   0.000000   0.250000
   0.500000   0.000000   0.250000
   0.750000   0.000000   0.250000
   1.000000   0.000000   0.250000
   1.250000   0.000000   0.250000
   1.500000   0.000000   0.250000
   1.750000   0.000000   0.250000
   2.000000   0.000000   0.250000
   2.250000   0.000000   0.250000
   2.500000   0.000000   0.250000
   2.750000   0.000000   0.250000
   3.000000   0.000000   0.250000
   3.250000   0.000000   0.250000
   3.500000   0.000000   0.250000
   3.750000   0.000000   0.250000
   4.000000   0.000000   0.250000
   4.250000   0.000000   0.250000
   4.500000   0.000000   0.250000
   4.750000   0.000000   0.250000
   5.000000   0.000000   0.250000
   5.250000   0.000000   0.250000
   5.500000   0.000000   0.250000
   5.750000   0.000000   0.250000
   6.000000   0.000000   0.250000
   6.250000   0.000000   0.250000
   6.500000   0.000000   0.250000
   6.750000   0.000000   0.250000
   7.000000   0.000000   0.250000
   7.250000   0.000000   0.250000
   7.500000   0.000000   0.250000
   7.750000   0.000000   0.250000
   8.000000   0.000000   0.250000
   8.250000   0.000000   0.250000
   8.500000   0.000000   0.250000
   8.750000   0.000000   0.250000
   9.000000   0.000000   0.250000
   9.250000   0.000000   0.250000
   9.500000   0.000000   0.250000
   9.750000   0.000000   0.250000
  10.000000   0.000000   0.250000
   0.000000   0.250000   0.250000
   0.250000   0.250000   0.250000
   0.500000   0.250000   0.250000
   0.750000   0.250000   0.250000
   1.000000   0.250000   0.250000
   1.250000   0.250000   0.250000
   1.500000   0.250000   0.250000
   1.750000   0.250000   0.250000
   2.000000   0.250000   0.250000
   2.250000   0.250000   0.250000
   2.500000   0.250000   0.250000
   2.750000   0.250000   0.250000
   3.000000   0.250000   0.250000
   3.250000   0.250000   0.250000
   3.500000   0.250000   0.250000
   3.750000   0.250000   0.250000
   4.000000   0.250000   0.250000
   4.250000   0.250000   0.250000
   4.500000   0.250000   0.250000
   4.750000   0.250000   0.250000
   5.000000   0.250000   0.250000
   5.250000   0.250000   0.250000
   5.500000   0.250000   0.250000
   5.750000   0.250000   0.250000
   6.000000   0.250000   0.250000
   6.250000   0.250000   0.250000
   6.500000   0.250000   0.250000
   6.750000   0.250000   0.250000
   7.000000   0.250000   0.250000
   7.250000   0.250000   0.250000
   7.500000   0.250000   0.250000
   7.750000   0.250000   0.250000
   8.000000   0.250000   0.250000
   8.250000   0.250000   0.250000
   8.500000   0.250000   0.250000
   8.750000   0.250000   0.250000
   9.000000   0.250000   0.250000
   9.250000   0.250000   0.250000
   9.500000   0.250000   0.250000
   9.750000   0.250000   0.250000
  10.000000   0.250000   0.250000
   0.000000   0.500000   0.250000
   0.250000   0.500000   0.250000
   0.500000   0.500000   0.250000
   0.750000   0.500000   0.250000
   1.000000   0.500000   0.250000
   1.250000   0.500000   0.250000
   1.500000   0.500000   0.250000
   1.750000   0.500000   0.250000
   2.000000   0.500000   0.250000
   2.250000   0.500000   0.250000
   2.500000   0.500000   0.250000
   2.750000   0.500000   0.250000
   3.000000   0.500000   0.250000
   3.250000   0.500000   0.250000
   3.500000   0.500000   0.250000
   3.750000   0.500000   0.250000
   4.000000   0.500000   0.250000
   4.250000   0.500000   0.250000
   4.500000   0.500000   0.250000
   4.750000   0.500000   0.250000
   5.000000   0.500000   0.250000
   5.250000   0.500000   0.250000
   5.500000   0.500000   0.250000
   5.750000   0.500000   0.250000
   6.000000   0.500000   0.250000
   6.250000   0.500000   0.250000
   6.500000   0.500000   0.250000
   6.750000   0.500000   0.250000
   7.000000   0.500000   0.250000
   7.250000   0.500000   0.250000
   7.500000   0.500000   0.250000
   7.750000   0.500000   0.250000
   8.000000   0.500000   0.250000
   8.250000   0.500000   0.250000
   8.500000   0.500000   0.250000
   8.750000   0.500000   0.250000
   9.000000   0.500000   0.250000
   9.250000   0.500000   0.250000
   9.500000   0.500000   0.250000
   9.750000   0.500000   0.250000
  10.000000   0.500000   0.250000
   0.000000   0.750000   0.250000
   0.250000   0.750000   0.250000
   0.500000   0.750000   0.250000
   0.750000   0.750000   0.250000
   1.000000   0.750000   0.250000
   1.250000   0.750000   0.250000
   1.500000   0.750000   0.250000
   1.750000   0.750000   0.250000
   2.000000   0.750000   0.250000
   2.250000   0.750000   0.250000
   2.500000   0.750000   0.250000
   2.750000   0.750000   0.250000
   3.000000   0.750000   0.250000
   3.250000   0.750000   0.250000
   3.500000   0.750000   0.250000
   3.750000   0.750000   0.250000
   4.000000   0.750000   0.250000
   4.250000   0.750000   0.250000
   4.500000   0.750000   0.250000
   4.750000   0.750000   0.250000
   5.000000   0.750000   0.250000
   5.250000   0.750000   0.250000
   5.500000   0.750000   0.250000
   5.750000   0.750000   0.250000
   6.000000   0.750000   0.250000
   6.250000   0.750000   0.250000
   6.500000   0.750000   0.250000
   6.750000   0.750000   0.250000
   7.000000   0.750000   0.250000
   7.250000   0.750000   0.250000
   7.500000   0.750000   0.250000
   7.750000   0.750000   0.250000
   8.000000   0.750000   0.250000
   8.250000   0.750000   0.250000
   8.500000   0.750000   0.250000
   8.750000   0.750000   0.250000
   9.000000   0.750000   0.250000
   9.250000   0.750000   0.250000
   9.500000   0.750000   0.250000
   9.750000   0.750000   0.250000
  10.000000   0.750000   0.250000
   0.000000   1.000000   0.250000
   0.250000   1.000000   0.250000
   0.500000   1.000000   0.250000
   0.750000   1.000000   0.250000
   1.000000   1.000000   0.250000
   1.250000   1.000000   0.250000
   1.500000   1.000000   0.250000
   1.750000   1.000000   0.250000
   2.000000   1.000000   0.250000
   2.250000   1.000000   0.250000
   2.500000   1.000000   0.250000
   2.750000   1.000000   0.250000
   3.000000   1.000000   0.250000
   3.250000   1.000000   0.250000
   3.500000   1.000000   0.250000
   3.750000   1.000000   0.250000
   4.000000   1.000000   0.250000
   4.250000   1.000000   0.250000
   4.500000   1.000000   0.250000
   4.750000   1.000000   0.250000
   5.000000   1.000000   0.250000
   5.250000   1.000000   0.250000
   5.500000   1.000000   0.250000
   5.750000   1.000000   0.250000
   6.000000   1.000000   0.250000
   6.250000   1.000000   0.250000
   6.500000   1.000000   0.250000
   6.750000   1.000000   0.250000
   7.000000   1.000000   0.250000
   7.250000   1.000000   0.250000
   7.500000   1.000000   0.250000
   7.750000   1.000000   0.250000
   8.000000   1.000000   0.250000
   8.250000   1.000000   0.250000
   8.500000   1.000000   0.250000
   8.750000   1.000000   0.250000
   9.000000   1.000000   0.250000
   9.250000   1.000000   0.250000
   9.500000   1.000000   0.250000
   9.750000   1.000000   0.250000
  10.000000   1.000000   0.250000
   0.000000   0.000000   0.500000
   0.250000   0.000000   0.500000
   0.500000   0.000000   0.500000
   0.750000   0.000000   0.500000
   1.000000   0.000000   0.500000
   1.250000   0.000000   0.500000
   1.500000   0.000000   0.500000
   1.750000   0.000000   0.500000
   2.000000   0.000000   0.500000
   2.250000   0.000000   0.500000
   2.500000   0.000000   0.500000
   2.750000   0.000000   0.500000
   3.000000   0.000000   0.500000
   3.250000   0.000000   0.500000
   3.500000   0.000000   0.500000
   3.750000   0.000000   0.500000
   4.000000   0.000000   0.500000
   4.250000   0.000000   0.500000
   4.500000   0.000000   0.500000
   4.750000   0.000000   0.500000
   5.000000   0.000000   0.500000
   5.250000   0.000000   0.500000
   5.500000   0.000000   0.500000
   5.750000   0.000000   0.500000
   6.000000   0.000000   0.500000
   6.250000   0.000000   0.500000
   6.500000   0.000000   0.500000
   6.750000   0.000000   0.500000
   7.000000   0.000000   0.500000
   7.250000   0.000000   0.500000
   7.500000   0.000000   0.500000
   7.750000   0.000000   0.500000
   8.000000   0.000000   0.500000
   8.250000   0.000000   0.500000
   8.500000   0.000000   0.500000
   8.750000   0.000000   0.500000
   9.000000   0.000000   0.500000
   9.250000   0.000000   0.500000
   9.500000   0.000000   0.500000
   9.750000   0.000000   0.500000
  10.000000   0.000000   0.500000
   0.000000   0.250000   0.500000
   0.250000   0.250000   0.500000
   0.500000   0.250000   0.500000
   0.750000   0.250000   0.500000
   1.000000   0.250000   0.500000
   1.250000   0.250000   0.500000
   1.500000   0.250000   0.500000
   1.750000   0.250000   0.500000
   2.000000   0.250000   0.500000
   2.250000   0.250000   0.500000
   2.500000   0.250000   0.500000
   2.750000   0.250000   0.500000
   3.000000   0.250000   0.500000
   3.250000   0.250000   0.500000
   3.500000   0.250000   0.500000
   3.750000   0.250000   0.500000
   4.000000   0.250000   0.500000
   4.250000   0.250000   0.500000
   4.500000   0.250000   0.500000
   4.750000   0.250000   0.500000
   5.000000   0.250000   0.500000
   5.250000   0.250000   0.500000
   5.500000   0.250000   0.500000
   5.750000   0.250000   0.500000
   6.000000   0.250000   0.500000
   6.250000   0.250000   0.500000
   6.500000   0.250000   0.500000
   6.750000   0.250000   0.500000
   7.000000   0.250000   0.500000
   7.250000   0.250000   0.500000
   7.500000   0.250000   0.500000
   7.750000   0.250000   0.500000
   8.000000   0.250000   0.500000
   8.250000   0.250000   0.500000
   8.500000   0.250000   0.500000
   8.750000   0.250000   0.500000
   9.000000   0.250000   0.500000
   9.250000   0.250000   0.500000
   9.500000   0.250000   0.500000
   9.750000   0.250000   0.500000
  10.000000   0.250000   0.500000
   0.000000   0.500000   0.500000
   0.250000   0.500000   0.500000
   0.500000   0.500000   0.500000
   0.750000   0.500000   0.500000
   1.000000   0.500000   0.500000
   1.250000   0.500000   0.500000
   1.500000   0.500000   0.500000
   1.750000   0.500000   0.500000
   2.000000   0.500000   0.500000
   2.250000   0.500000   0.500000
   2.500000   0.500000   0.500000
   2.750000   0.500000   0.500000
   3.000000   0.500000   0.500000
   3.250000   0.500000   0.500000
   3.500000   0.500000   0.500000
   3.750000   0.500000   0.500000
   4.000000   0.500000   0.500000
   4.250000   0.500000   0.500000
   4.500000   0.500000   0.500000
   4.750000   0.500000   0.500000
   5.000000   0.500000   0.500000
   5.250000   0.500000   0.500000
   5.500000   0.500000   0.500000
   5.750000   0.500000   0.500000
   6.000000   0.500000   0.500000
   6.250000   0.500000   0.500000
   6.500000   0.500000   0.500000
   6.750000   0.500000   0.500000
   7.000000   0.500000   0.500000
   7.250000   0.500000   0.500000
   7.500000   0.500000   0.500000
   7.750000   0.500000   0.500000
   8.000000   0.500000   0.500000
   8.250000   0.500000   0.500000
   8.500000   0.500000   0.500000
   8.750000   0.500000   0.500000
   9.000000   0.500000   0.500000
   9.250000   0.500000   0.500000
   9.500000   0.500000   0.500000
   9.750000   0.500000   0.500000
  10.000000   0.500000   0.500000
   0.000000   0.750000   0.500000
   0.250000   0.750000   0.500000
   0.500000   0.750000   0.500000
   0.750000   0.750000   0.500000
   1.000000   0.750000   0.500000
   1.250000   0.750000   0.500000
   1.500000   0.750000   0.500000
   1.750000   0.750000   0.500000
   2.000000   0.750000   0.500000
   2.250000   0.750000   0.500000
   2.500000   0.750000   0.500000
   2.750000   0.750000   0.500000
   3.000000   0.750000   0.500000
   3.250000   0.750000   0.500000
   3.500000   0.750000   0.500000
   3.750000   0.750000   0.500000
   4.000000   0.750000   0.500000
   4.250000   0.750000   0.500000
   4.500000   0.750000   0.500000
   4.750000   0.750000   0.500000
   5.000000   0.750000   0.500000
   5.250000   0.750000   0.500000
   5.500000   0.750000   0.500000
   5.750000   0.750000   0.500000
   6.000000   0.750000   0.500000
   6.250000   0.750000   0.500000
   6.500000   0.750000   0.500000
   6.750000   0.750000   0.500000
   7.000000   0.750000   0.500000
   7.250000   0.750000   0.500000
   7.500000   0.750000   0.500000
   7.750000   0.750000   0.500000
   8.000000   0.750000   0.500000
   8.250000   0.750000   0.500000
   8.500000   0.750000   0.500000
   8.750000   0.750000   0.500000
   9.000000   0.750000   0.500000
   9.250000   0.750000   0.500000
   9.500000   0.750000   0.500000
   9.750000   0.750000   0.500000
  10.000000   0.750000   0.500000
   0.000000   1.000000   0.500000
   0.250000   1.000000   0.500000
   0.500000   1.000000   0.500000
   0.750000   1.000000   0.500000
   1.000000   1.000000   0.500000
   1.250000   1.000000   0.500000
   1.500000   1.000000   0.500000
   1.750000   1.000000   0.500000
   2.000000   1.000000   0.500000
   2.250000   1.000000   0.500000
   2.500000   1.000000   0.500000
   2.750000   1.000000   0.500000
   3.000000   1.000000   0.500000
   3.250000   1.000000   0.500000
   3.500000   1.000000   0.500000
   3.750000   1.000000   0.500000
   4.000000   1.000000   0.500000
   4.250000   1.000000   0.500000
   4.500000   1.000000   0.500000
   4.750000   1.000000   0.500000
   5.000000   1.000000   0.500000
   5.250000   1.000000   0.500000
   5.500000   1.000000   0.500000
   5.750000   1.000000   0.500000
   6.000000   1.000000   0.500000
   6.250000   1.000000   0.500000
   6.500000   1.000000   0.500000
   6.750000   1.000000   0.500000
   7.000000   1.000000   0.500000
   7.250000   1.000000   0.500000
   7.500000   1.000000   0.500000
   7.750000   1.000000   0.500000
   8.000000   1.000000   0.500000
   8.250000   1.000000   0.500000
   8.500000   1.000000   0.500000
   8.750000   1.000000   0.500000
   9.000000   1.000000   0.500000
   9.250000   1.000000   0.500000
   9.500000   1.000000   0.500000
   9.750000   1.000000   0.500000
  10.000000   1.000000   0.500000
   0.000000   0.000000   0.750000
   0.250000   0.000000   0.750000
   0.500000   0.000000   0.750000
   0.750000   0.000000   0.750000
   1.000000   0.000000   0.750000
   1.250000   0.000000   0.750000
   1.500000   0.000000   0.750000
   1.750000   0.000000   0.750000
   2.000000   0.000000   0.750000
   2.250000   0.000000   0.750000
   2.500000   0.000000   0.750000
   2.750000   0.000000   0.750000
   3.000000   0.000000   0.750000
   3.250000   0.000000   0.750000
   3.500000   0.000000   0.750000
   3.750000   0.000000   0.750000
   4.000000   0.000000   0.750000
   4.250000   0.000000   0.750000
   4.500000   0.000000   0.750000
   4.750000   0.000000   0.750000
   5.000000   0.000000   0.750000
   5.250000   0.000000   0.750000
   5.500000   0.000000   0.750000
   5.750000   0.000000   0.750000
   6.000000   0.000000   0.750000
   6.250000   0.000000   0.750000
   6.500000   0.000000   0.750000
   6.750000   0.000000   0.750000
   7.000000   0.000000   0.750000
   7.250000   0.000000   0.750000
   7.500000   0.000000   0.750000
   7.750000   0.000000   0.750000
   8.000000   0.000000   0.750000
   8.250000   0.000000   0.750000
   8.500000   0.000000   0.750000
   8.750000   0.000000   0.750000
   9.000000   0.000000   0.750000
   9.250000   0.000000   0.750000
   9.500000   0.000000   0.750000
   9.750000   0.000000   0.750000
  10.000000   0.000000   0.750000
   0.000000   0.250000   0.750000
   0.250000   0.250000   0.750000
   0.500000   0.250000   0.750000
   0.750000   0.250000   0.750000
   1.000000   0.250000   0.750000
   1.250000   0.250000   0.750000
   1.500000   0.250000   0.750000
   1.750000   0.250000   0.750000
   2.000000   0.250000   0.750000
   2.250000   0.250000   0.750000
   2.500000   0.250000   0.750000
   2.750000   0.250000   0.750000
   3.000000   0.250000   0.750000
   3.250000   0.250000   0.750000
   3.500000   0.250000   0.750000
   3.750000   0.250000   0.750000
   4.000000   0.250000   0.750000
   4.250000   0.250000   0.750000
   4.500000   0.250000   0.750000
   4.750000   0.250000   0.750000
   5.000000   0.250000   0.750000
   5.250000   0.250000   0.750000
   5.500000   0.250000   0.750000
   5.750000   0.250000   0.750000
   6.000000   0.250000   0.750000
   6.250000   0.250000   0.750000
   6.500000   0.250000   0.750000
   6.750000   0.250000   0.750000
   7.000000   0.250000   0.750000
   7.250000   0.250000   0.750000
   7.500000   0.250000   0.750000
   7.750000   0.250000   0.750000
   8.000000   0.250000   0.750000
   8.250000   0.250000   0.750000
   8.500000   0.250000   0.750000
   8.750000   0.250000   0.750000
   9.000000   0.250000   0.750000
   9.250000   0.250000   0.750000
   9.500000   0.250000   0.750000
   9.750000   0.250000   0.750000
  10.000000   0.250000   0.750000
   0.000000   0.500000   0.750000
   0.250000   0.500000   0.750000
   0.500000   0.500000   0.750000
   0.750000   0.500000   0.750000
   1.000000   0.500000   0.750000
   1.250000   0.500000   0.750000
   1.500000   0.500000   0.750000
   1.750000   0.500000   0.750000
   2.000000   0.500000   0.750000
   2.250000   0.500000   0.750000
   2.500000   0.500000   0.750000
   2.750000   0.500000   0.750000
   3.000000   0.500000   0.750000
   3.250000   0.500000   0.750000
   3.500000   0.500000   0.750000
   3.750000   0.500000   0.750000
   4.000000   0.500000   0.750000
   4.250000   0.500000   0.750000
   4.500000   0.500000   0.750000
   4.750000   0.500000   0.750000
   5.000000   0.500000   0.750000
   5.250000   0.500000   0.750000
   5.500000   0.500000   0.750000
   5.750000   0.500000   0.750000
   6.000000   0.500000   0.750000
   6.250000   0.500000   0.750000
   6.500000   0.500000   0.750000
   6.750000   0.500000   0.750000
   7.000000   0.500000   0.750000
   7.250000   0.500000   0.750000
   7.500000   0.500000   0.750000
   7.750000   0.500000   0.750000
   8.000000   0.500000   0.750000
   8.250000   0.500000   0.750000
   8.500000   0.500000   0.750000
   8.750000   0.500000   0.750000
   9.000000   0.500000   0.750000
   9.250000   0.500000   0.750000
   9.500000   0.500000   0.750000
   9.750000   0.500000   0.750000
  10.000000   0.500000   0.750000
   0.000000   0.750000   0.750000
   0.250000   0.750000   0.750000
   0.500000   0.750000   0.750000
   0.750000   0.750000   0.750000
   1.000000   0.750000   0.750000
   1.250000   0.750000   0.750000
   1.500000   0.750000   0.750000
   1.750000   0.750000   0.750000
   2.000000   0.750000   0.750000
   2.250000   0.750000   0.750000
   2.500000   0.750000   0.750000
   2.750000   0.750000   0.750000
   3.000000   0.750000   0.750000
   3.250000   0.750000   0.750000
   3.500000   0.750000   0.750000
   3.750000   0.750000   0.750000
   4.000000   0.750000   0.750000
   4.250000   0.750000   0.750000
   4.500000   0.750000   0.750000
   4.750000   0.750000   0.750000
   5.000000   0.750000   0.750000
   5.250000   0.750000   0.750000
   5.500000   0.750000   0.750000
   5.750000   0.750000   0.750000
   6.000000   0.750000   0.750000
   6.250000   0.750000   0.750000
   6.500000   0.750000   0.750000
   6.750000   0.750000   0.750000
   7.000000   0.750000   0.750000
   7.250000   0.750000   0.750000
   7.500000   0.750000   0.750000
   7.750000   0.750000   0.750000
   8.000000   0.750000   0.750000
   8.250000   0.750000   0.750000
   8.500000   0.750000   0.750000
   8.750000   0.750000   0.750000
   9.000000   0.750000   0.750000
   9.250000   0.750000   0.750000
   9.500000   0.750000   0.750000
   9.750000   0.750000   0.750000
  10.000000   0.750000   0.750000
   0.000000   1.000000   0.750000
   0.250000   1.000000   0.750000
   0.500000   1.000000   0.750000
   0.750000   1.000000   0.750000
   1.000000   1.000000   0.750000
   1.250000   1.000000   0.750000
   1.500000   1.000000   0.750000
   1.750000   1.000000   0.750000
   2.000000   1.000000   0.750000
   2.250000   1.000000   0.750000
   2.500000   1.000000   0.750000
   2.750000   1.000000   0.750000
   3.000000   1.000000   0.750000
   3.250000   1.000000   0.750000
   3.500000   1.000000   0.750000
   3.750000   1.000000   0.750000
   4.000000   1.000000   0.750000
   4.250000   1.000000   0.750000
   4.500000   1.000000   0.750000
   4.750000   1.000000   0.750000
   5.000000   1.000000   0.750000
   5.250000   1.000000   0.750000
   5.500000   1.000000   0.750000
   5.750000   1.000000   0.750000
   6.000000   1.000000   0.750000
   6.250000   1.000000   0.750000
   6.500000   1.000000   0.750000
   6.750000   1.000000   0.750000
   7.000000   1.000000   0.750000
   7.250000   1.000000   0.750000
   7.500000   1.000000   0.750000
   7.750000   1.000000   0.750000
   8.000000   1.000000   0.750000
   8.250000   1.000000   0.750000
   8.500000   1.000000   0.750000
   8.750000   1.000000   0.750000
   9.000000   1.000000   0.750000
   9.250000   1.000000   0.750000
   9.500000   1.000000   0.750000
   9.750000   1.000000   0.750000
  10.000000   1.000000   0.750000
   0.000000   0.000000   1.000000
   0.250000   0.000000   1.000000
   0.500000   0.000000   1.000000
   0.750000   0.000000   1.000000
   1.000000   0.000000   1.000000
   1.250000   0.000000   1.000000
   1.500000   0.000000   1.000000
   1.750000   0.000000   1.000000
   2.000000   0.000000   1.000000
   2.250000   0.000000   1.000000
   2.500000   0.000000   1.000000
   2.750000   0.000000   1.000000
   3.000000   0.000000   1.000000
   3.250000   0.000000   1.000000
   3.500000   0.000000   1.000000
   3.750000   0.000000   1.000000
   4.000000   0.000000   1.000000
   4.250000   0.000000   1.000000
   4.500000   0.000000   1.000000
   4.750000   0.000000   1.000000
   5.000000   0.000000   1.000000
   5.250000   0.000000   1.000000
   5.500000   0.000000   1.000000
   5.750000   0.000000   1.000000
   6.000000   0.000000   1.000000
   6.250000   0.000000   1.000000
   6.500000   0.000000   1.000000
   6.750000   0.000000   1.000000
   7.000000   0.000000   1.000000
   7.250000   0.000000   1.000000
   7.500000   0.000000   1.000000
   7.750000   0.000000   1.000000
   8.000000   0.000000   1.000000
   8.250000   0.000000   1.000000
   8.500000   0.000000   1.000000
   8.750000   0.000000   1.000000
   9.000000   0.000000   1.000000
   9.250000   0.000000   1.000000
   9.500000   0.000000   1.000000
   9.750000   0.000000   1.000000
  10.000000   0.000000   1.000000
   0.000000   0.250000   1.000000
   0.250000   0.250000   1.000000
   0.500000   0.250000   1.000000
   0.750000   0.250000   1.000000
   1.000000   0.250000   1.000000
   1.250000   0.250000   1.000000
   1.500000   0.250000   1.000000
   1.750000   0.250000   1.000000
   2.000000   0.250000   1.000000
   2.250000   0.250000   1.000000
   2.500000   0.250000   1.000000
   2.750000   0.250000   1.000000
   3.000000   0.250000   1.000000
   3.250000   0.250000   1.000000
   3.500000   0.250000   1.000000
   3.750000   0.250000   1.000000
   4.000000   0.250000   1.000000
   4.250000   0.250000   1.000000
   4.500000   0.250000   1.000000
   4.750000   0.250000   1.000000
   5.000000   0.250000   1.000000
   5.250000   0.250000   1.000000
   5.500000   0.250000   1.000000
   5.750000   0.250000   1.000000
   6.000000   0.250000   1.000000
   6.250000   0.250000   1.000000
   6.500000   0.250000   1.000000
   6.750000   0.250000   1.000000
   7.000000   0.250000   1.000000
   7.250000   0.250000   1.000000
   7.500000   0.250000   1.000000
   7.750000   0.250000   1.000000
   8.000000   0.250000   1.000000
   8.250000   0.250000   1.000000
   8.500000   0.250000   1.000000
   8.750000   0.250000   1.000000
   9.000000   0.250000   1.000000
   9.250000   0.250000   1.000000
   9.500000   0.250000   1.000000
   9.750000   0.250000   1.000000
  10.000000   0.250000   1.000000
   0.000000   0.500000   1.000000
   0.250000   0.500000   1.000000
   0.500000   0.500000   1.000000
   0.750000   0.500000   1.000000
   1.000000   0.500000   1.000000
   1.250000   0.500000   1.000000
   1.500000   0.500000   1.000000
   1.750000   0.500000   1.000000
   2.000000   0.500000   1.000000
   2.250000   0.500000   1.000000
   2.500000   0.500000   1.000000
   2.750000   0.500000   1.000000
   3.000000   0.500000   1.000000
   3.250000   0.500000   1.000000
   3.500000   0.500000   1.000000
   3.750000   0.500000   1.000000
   4.000000   0.500000   1.000000
   4.250000   0.500000   1.000000
   4.500000   0.500000   1.000000
   4.750000   0.500000   1.000000
   5.000000   0.500000   1.000000
   5.250000   0.500000   1.000000
   5.500000   0.500000   1.000000
   5.750000   0.500000   1.000000
   6.000000   0.500000   1.000000
   6.250000   0.500000   1.000000
   6.500000   0.500000   1.000000
   6.750000   0.500000   1.000000
   7.000000   0.500000   1.000000
   7.250000   0.500000   1.000000
   7.500000   0.500000   1.000000
   7.750000   0.500000   1.000000
   8.000000   0.500000   1.000000
   8.250000   0.500000   1.000000
   8.500000   0.500000   1.000000
   8.750000   0.500000   1.000000
   9.000000   0.500000   1.000000
   9.250000   0.500000   1.000000
   9.500000   0.500000   1.000000
   9.750000   0.500000   1.000000
  10.000000   0.500000   1.000000
   0.000000   0.750000   1.000000
   0.250000   0.750000   1.000000
   0.500000   0.750000   1.000000
   0.750000   0.750000   1.000000
   1.000000   0.750000   1.000000
   1.250000   0.750000   1.000000
   1.500000   0.750000   1.000000
   1.750000   0.750000   1.000000
   2.000000   0.750000   1.000000
   2.250000   0.750000   1.000000
   2.500000   0.750000   1.000000
   2.750000   0.750000   1.000000
   3.000000   0.750000   1.000000
   3.250000   0.750000   1.000000
   3.500000   0.750000   1.000000
   3.750000   0.750000   1.000000
   4.000000   0.750000   1.000000
   4.250000   0.750000   1.000000
   4.500000   0.750000   1.000000
   4.750000   0.750000   1.000000
   5.000000   0.750000   1.000000
   5.250000   0.750000   1.000000
   5.500000   0.750000   1.000000
   5.750000   0.750000   1.000000
   6.000000   0.750000   1.000000
   6.250000   0.750000   1.000000
   6.500000   0.750000   1.000000
   6.750000   0.750000   1.000000
   7.000000   0.750000   1.000000
   7.250000   0.750000   1.000000
   7.500000   0.750000   1.000000
   7.750000   0.750000   1.000000
   8.000000   0.750000   1.000000
   8.250000   0.750000   1.000000
   8.500000   0.750000   1.000000
   8.750000   0.750000   1.000000
   9.000000   0.750000   1.000000
   9.250000   0.750000   1.000000
   9.500000   0.750000   1.000000
   9.750000   0.750000   1.000000
  10.000000   0.750000   1.000000
   0.000000   1.000000   1.000000
   0.250000   1.000000   1.000000
   0.500000   1.000000   1.000000
   0.750000   1.000000   1.000000
   1.000000   1.000000   1.000000
   1.250000   1.000000   1.000000
   1.500000   1.000000   1.000000
   1.750000   1.000000   1.000000
   2.000000   1.000000   1.000000
   2.250000   1.000000   1.000000
   2.500000   1.000000   1.000000
   2.750000   1.000000   1.000000
   3.000000   1.000000   1.000000
   3.250000   1.000000   1.000000
   3.500000   1.000000   1.000000
   3.750000   1.000000   1.000000
   4.000000   1.000000   1.000000
   4.250000   1.000000   1.000000
   4.500000   1.000000   1.000000
   4.750000   1.000000   1.000000
   5.000000   1.000000   1.000000
   5.250000   1.000000   1.000000
   5.500000   1.000000   1.000000
   5.750000   1.000000   1.000000
   6.000000   1.000000   1.000000
   6.250000   1.000000   1.000000
   6.500000   1.000000   1.000000
   6.750000   1.000000   1.000000
   7.000000   1.000000   1.000000
   7.250000   1.000000   1.000000
   7.500000   1.000000   1.000000
   7.750000   1.000000   1.000000
   8.000000   1.000000   1.000000
   8.250000   1.000000   1.000000
   8.500000   1.000000   1.000000
   8.750000   1.000000   1.000000
   9.000000   1.000000   1.000000
   9.250000   1.000000   1.000000
   9.500000   1.000000   1.000000
   9.750000   1.000000   1.000000
  10.000000   1.000000   1.000000
      2     43     42      1    207    248    247    206
      2      3     44     43    207    208    249    248
      4     45     44      3    209    250    249    208
      4      5     46     45    209    210    251    250
      6     47     46      5    211    252    251    210
      6      7     48     47    211    212    253    252
      8     49     48      7    213    254    253    212
      8      9     50     49    213    214    255    254
     10     51     50      9    215    256    255    214
     10     11     52     51    215    216    257    256
     12     53     52     11    217    258    257    216
     12     13     54     53    217    218    259    258
     14     55     54     13    219    260    259    218
     14     15     56     55    219    220    261    260
     16     57     56     15    221    262    261    220
     16     17     58     57    221    222    263    262
     18     59     58     17    223    264    263    222
     18     19     60     59    223    224    265    264
     20     61     60     19    225    266    265    224
     20     21     62     61    225    226    267    266
     22     63     62     21    227    268    267    226
     22     23     64     63    227    228    269    268
     24     65     64     23    229    270    269    228
     24     25     66     65    229    230    271    270
     26     67     66     25    231    272    271    230
     26     27     68     67    231    232    273    272
     28     69     68     27    233    274    273    232
     28     29     70     69    233    234    275    274
     30     71     70     29    235    276    275    234
     30     31     72     71    235    236    277    276
     32     73     72     31    237    278    277    236
     32     33     74     73    237    238    279    278
     34     75     74     33    239    280    279    238
     34     35     76     75    239    240    281    280
     36     77     76     35    241    282    281    240
     36     37     78     77    241    242    283    282
     38     79     78     37    243    284    283    242
     38     39     80     79    243    244    285    284
     40     81     80     39    245    286    285    244
     40     41     82     81    245    246    287    286
     42     43     84     83    247    248    289    288
     44     85     84     43    249    290    289    248
     44     45     86     85    249    250    291    290
     46     87     86     45    251    292    291    250
     46     47     88     87    251    252    293    292
     48     89     88     47    253    294    293    252
     48     49     90     89    253    254    295    294
     50     91     90     49    255    296    295    254
     50     51     92     91    255    256    297    296
     52     93     92     51    257    298    297    256
     52     53     94     93    257    258    299    298
     54     95     94     53    259    300    299    258
     54     55     96     95    259    260    301    300
     56     97     96     55    261    302    301    260
     56     57     98     97    261    262    303    302
     58     99     98     57    263    304    303    262
     58     59    100     99    263    264    305    304
     60    101    100     59    265    306    305    264
     60     61    102    101    265    266    307    306
     62    103    102     61    267    308    307    266
     62     63    104    103    267    268    309    308
     64    105    104     63    269    310    309    268
     64     65    106    105    269    270    311    310
     66    107    106     65    271    312    311    270
     66     67    108    107    271    272    313    312
     68    109    108     67    273    314    313    272
     68     69    110    109    273    274    315    314
     70    111    110     69    275    316    315    274
     70     71    112    111    275    276    317    316
     72    113    112     71    277    318    317    276
     72     73    114    113    277    278    319    318
     74    115    114     73    279    320    319    278
     74     75    116    115    279    280    321    320
     76    117    116     75    281    322    321    280
     76     77    118    117    281    282    323    322
     78    119    118     77    283    324    323    282
     78     79    120    119    283    284    325    324
     80    121    120     79    285    326    325    284
     80     81    122    121    285    286    327    326
     82    123    122     81    287    328    327    286
     84    125    124     83    289    330    329    288
     84     85    126    125    289    290    331    330
     86    127    126     85    291    332    331    290
     86     87    128    127    291    292    333    332
     88    129    128     87    293    334    333    292
     88     89    130    129    293    294    335    334
     90    131    130     89    295    336    335    294
     90     91    132    131    295    296    337    336
     92    133    132     91    297    338    337    296
     92     93    134    133    297    298    339    338
     94    135    134     93    299    340    339    298
     94     95    136    135    299    300    341    340
     96    137    136     95    301    342    341    300
     96     97    138    137    301    302    343    342
     98    139    138     97    303    344    343    302
     98     99    140    139    303    304    345    344
    100    141    140     99    305    346    345    304
    100    101    142    141    305    306    347    346
    102    143    142    101    307    348    347    306
    102    103    144    143    307    308    349    348
    104    145    144    103    309    350    349    308
    104    105    146    145    309    310    351    350
    106    147    146    105    311    352    351    310
    106    107    148    147    311    312    353    352
    108    149    148    107    313    354    353    312
    108    109    150    149    313    314    355    354
    110    151    150    109    315    356    355    314
    110    111    152    151    315    316    357    356
    112    153    152    111    317    358    357    316
    112    113    154    153    317    318    359    358
    114    155    154    113    319    360    359    318
    114    115    156    155    319    320    361    360
    116    157    156    115    321    362    361    320
    116    117    158    157    321    322    363    362
    118    159    158    117    323    364    363    322
    118    119    160    159    323    324    365    364
    120    161    160    119    325    366    365    324
    120    121    162    161    325    326    367    366
    122    163    162    121    327    368    367    326
    122    123    164    163    327    328    369    368
    124    125    166    165    329    330    371    370
    126    167    166    125    331    372    371    330
    126    127    168    167    331    332    373    372
    128    169    168    127    333    374    373    332
    128    129    170    169    333    334    375    374
    130    171    170    129    335    376    375    334
    130    131    172    171    335    336    377    376
    132    173    172    131    337    378    377    336
    132    133    174    173    337    338    379    378
    134    175    174    133    339    380    379    338
    134    135    176    175    339    340    381    380
    136    177    176    135    341    382    381    340
    136    137    178    177    341    342    383    382
    138    179    178    137    343    384    383    342
    138    139    180    179    343    344    385    384
    140    181    180    139    345    386    385    344
    140    141    182    181    345    346    387    386
    142    183    182    141    347    388    387    346
    142    143    184    183    347    348    389    388
    144    185    184    143    349    390    389    348
    144    145    186    185    349    350    391    390
    146    187    186    145    351    392    391    350
    146    147    188    187    351    352    393    392
    148    189    188    147    353    394    393    352
    148    149    190    189    353    354    395    394
    150    191    190    149    355    396    395    354
    150    151    192    191    355    356    397    396
    152    193    192    151    357    398    397    356
    152    153    194    193    357    358    399    398
    154    195    194    153    359    400    399    358
    154    155    196    195    359    360    401    400
    156    197    196    155    361    402    401    360
    156    157    198    197    361    362    403    402
    158    199    198    157    363    404    403    362
    158    159    200    199    363    364    405    404
    160    201    200    159    365    406    405    364
    160    161    202    201    365    366    407    406
    162    203    202    161    367    408    407    366
    162    163    204    203    367    368    409    408
    164    205    204    163    369    410    409    368
    206    207    248    247    411    412    453    452
    208    249    248    207    413    454    453    412
    208    209    250    249    413    414    455    454
    210    251    250    209    415    456    455    414
    210    211    252    251    415    416    457    456
    212    253    252    211    417    458    457    416
    212    213    254    253    417    418    459    458
    214    255    254    213    419    460    459    418
    214    215    256    255    419    420    461    460
    216    257    256    215    421    462    461    420
    216    217    258    257    421    422    463    462
    218    259    258    217    423    464    463    422
    218    219    260    259    423    424    465    464
    220    261    260    219    425    466    465    424
    220    221    262    261    425    426    467    466
    222    263    262    221    427    468    467    426
    222    223    264    263    427    428    469    468
    224    265    264    223    429    470    469    428
    224    225    266    265    429    430    471    470
    226    267    266    225    431    472    471    430
    226    227    268    267    431    432    473    472
    228    269    268    227    433    474    473    432
    228    229    270    269    433    434    475    474
    230    271    270    229    435    476    475    434
    230    231    272    271    435    436    477    476
    232    273    272    231    437    478    477    436
    232    233    274    273    437    438    479    478
    234    275    274    233    439    480    479    438
    234    235    276    275    439    440    481    480
    236    277    276    235    441    482    481    440
    236    237    278    277    441    442    483    482
    238    279    278    237    443    484    483    442
    238    239    280    279    443    444    485    484
    240    281    280    239    445    486    485    444
    240    241    282    281    445    446    487    486
    242    283    282    241    447    488    487    446
    242    243    284    283    447    448    489    488
    244    285    284    243    449    490    489    448
    244    245    286    285    449    450    491    490
    246    287    286    245    451    492    491    450
    248    289    288    247    453    494    493    452
    248    249    290    289    453    454    495    494
    250    291    290    249    455    496    495    454
    250    251    292    291    455    456    497    496
    252    293    292    251    457    498    497    456
    252    253    294    293    457    458    499    498
    254    295    294    253    459    500    499    458
    254    255    296    295    459    460    501    500
    256    297    296    255    461    502    501    460
    256    257    298    297    461    462    503    502
    258    299    298    257    463    504    503    462
    258    259    300    299    463    464    505    504
    260    301    300    259    465    506    505    464
    260    261    302    301    465    466    507    506
    262    303    302    261    467    508    507    466
    262    263    304    303    467    468    509    508
    264    305    304    263    469    510    509    468
    264    265    306    305    469    470    511    510
    266    307    306    265    471    512    511    470
    266    267    308    307    471    472    513    512
    268    309    308    267    473    514    513    472
    268    269    310    309    473    474    515    514
    270    311    310    269    475    516    515    474
    270    271    312    311    475    476    517    516
    272    313    312    271    477    518    517    476
    272    273    314    313    477    478    519    518
    274    315    314    273    479    520    519    478
    274    275    316    315    479    480    521    520
    276    317    316    275    481    522    521    480
    276    277    318    317    481    482    523    522
    278    319    318    277    483    524    523    482
    278    279    320    319    483    484    525    524
    280    321    320    279    485    526    525    484
    280    281    322    321    485    486    527    526
    282    323    322    281    487    528    527    486
    282    283    324    323    487    488    529    528
    284    325    324    283    489    530    529    488
    284    285    326    325    489    490    531    530
    286    327    326    285    491    532    531    490
    286    287    328    327    491    492    533    532
    288    289    330    329    493    494    535    534
    290    331    330    289    495    536    535    494
    290    291    332    331    495    496    537    536
    292    333    332    291    497    538    537    496
    292    293    334    333    497    498    539    538
    294    335    334    293    499    540    539    498
    294    295    336    335    499    500    541    540
    296    337    336    295    501    542    541    500
    296    297    338    337    501    502    543    542
    298    339    338    297    503    544    543    502
    298    299    340    339    503    504    545    544
    300    341    340    299    505    546    545    504
    300    301    342    341    505    506    547    546
    302    343    342    301    507    548    547    506
    302    303    344    343    507    508    549    548
    304    345    344    303    509    550    549    508
    304    305    346    345    509    510    551    550
    306    347    346    305    511    552    551    510
    306    307    348    347    511    512    553    552
    308    349    348    307    513    554    553    512
    308    309    350    349    513    514    555    554
    310    351    350    309    515    556    555    514
    310    311    352    351    515    516    557    556
    312    353    352    311    517    558    557    516
    312    313    354    353    517    518    559    558
    314    355    354    313    519    560    559    518
    314    315    356    355    519    520    561    560
    316    357    356    315    521    562    561    520
    316    317    358    357    521    522    563    562
    318    359    358    317    523    564    563    522
    318    319    360    359    523    524    565    564
    320    361    360    319    525    566    565    524
    320    321    362    361    525    526    567    566
    322    363    362    321    527    568    567    526
    322    323    364    363    527    528    569    568
    324    365    364    323    529    570    569    528
    324    325    366    365    529    530    571    570
    326    367    366    325    531    572    571    530
    326    327    368    367    531    532    573    572
    328    369    368    327    533    574    573    532
    330    371    370    329    535    576    575    534
    330    331    372    371    535    536    577    576
    332    373    372    331    537    578    577    536
    332    333    374    373    537    538    579    578
    334    375    374    333    539    580    579    538
    334    335    376    375    539    540    581    580
    336    377    376    335    541    582    581    540
    336    337    378    377    541    542    583    582
    338    379    378    337    543    584    583    542
    338    339    380    379    543    544    585    584
    340    381    380    339    545    586    585    544
    340    341    382    381    545    546    587    586
    342    383    382    341    547    588    587    546
    342    343    384    383    547    548    589    588
    344    385    384    343    549    590    589    548
    344    345    386    385    549    550    591    590
    346    387    386    345    551    592    591    550
    346    347    388    387    551    552    593    592
    348    389    388    347    553    594    593    552
    348    349    390    389    553    554    595    594
    350    391    390    349    555    596    595    554
    350    351    392    391    555    556    597    596
    352    393    392    351    557    598    597    556
    352    353    394    393    557    558    599    598
    354    395    394    353    559    600    599    558
    354    355    396    395    559    560    601    600
    356    397    396    355    561    602    601    560
    356    357    398    397    561    562    603    602
    358    399    398    357    563    604    603    562
    358    359    400    399    563    564    605    604
    360    401    400    359    565    606    605    564
    360    361    402    401    565    566    607    606
    362    403    402    361    567    608    607    566
    362    363    404    403    567    568    609    608
    364    405    404    363    569    610    609    568
    364    365    406    405    569    570    611    610
    366    407    406    365    571    612    611    570
    366    367    408    407    571    572    613    612
    368    409    408    367    573    614    613    572
    368    369    410    409    573    574    615    614
    412    453    452    411    617    658    657    616
    412    413    454    453    617    618    659    658
    414    455    454    413    619    660    659    618
    414    415    456    455    619    620    661    660
    416    457    456    415    621    662    661    620
    416    417    458    457    621    622    663    662
    418    459    458    417    623    664    663    622
    418    419    460    459    623    624    665    664
    420    461    460    419    625    666    665    624
    420    421    462    461    625    626    667    666
    422    463    462    421    627    668    667    626
    422    423    464    463    627    628    669    668
    424    465    464    423    629    670    669    628
    424    425    466    465    629    630    671    670
    426    467    466    425    631    672    671    630
    426    427    468    467    631    632    673    672
    428    469    468    427    633    674    673    632
    428    429    470    469    633    634    675    674
    430    471    470    429    635    676    675    634
    430    431    472    471    635    636    677    676
    432    473    472    431    637    678    677    636
    432    433    474    473    637    638    679    678
    434    475    474    433    639    680    679    638
    434    435    476    475    639    640    681    680
    436    477    476    435    641    682    681    640
    436    437    478    477    641    642    683    682
    438    479    478    437    643    684    683    642
    438    439    480    479    643    644    685    684
    440    481    480    439    645    686    685    644
    440    441    482    481    645    646    687    686
    442    483    482    441    647    688    687    646
    442    443    484    483    647    648    689    688
    444    485    484    443    649    690    689    648
    444    445    486    485    649    650    691    690
    446    487    486    445    651    692    691    650
    446    447    488    487    651    652    693    692
    448    489    488    447    653    694    693    652
    448    449    490    489    653    654    695    694
    450    491    490    449    655    696    695    654
    450    451    492    491    655    656    697    696
    452    453    494    493    657    658    699    698
    454    495    494    453    659    700    699    658
    454    455    496    495    659    660    701    700
    456    497    496    455    661    702    701    660
    456    457    498    497    661    662    703    702
    458    499    498    457    663    704    703    662
    458    459    500    499    663    664    705    704
    460    501    500    459    665    706    705    664
    460    461    502    501    665    666    707    706
    462    503    502    461    667    708    707    666
    462    463    504    503    667    668    709    708
    464    505    504    463    669    710    709    668
    464    465    506    505    669    670    711    710
    466    507    506    465    671    712    711    670
    466    467    508    507    671    672    713    712
    468    509    508    467    673    714    713    672
    468    469    510    509    673    674    715    714
    470    511    510    469    675    716    715    674
    470    471    512    511    675    676    717    716
    472    513    512    471    677    718    717    676
    472    473    514    513    677    678    719    718
    474    515    514    473    679    720    719    678
    474    475    516    515    679    680    721    720
    476    517    516    475    681    722    721    680
    476    477    518    517    681    682    723    722
    478    519    518    477    683    724    723    682
    478    479    520    519    683    684    725    724
    480    521    520    479    685    726    725    684
    480    481    522    521    685    686    727    726
    482    523    522    481    687    728    727    686
    482    483    524    523    687    688    729    728
    484    525    524    483    689    730    729    688
    484    485    526    525    689    690    731    730
    486    527    526    485    691    732    731    690
    486    487    528    527    691    692    733    732
    488    529    528    487    693    734    733    692
    488    489    530    529    693    694    735    734
    490    531    530    489    695    736    735    694
    490    491    532    531    695    696    737    736
    492    533    532    491    697    738    737    696
    494    535    534    493    699    740    739    698
    494    495    536    535    699    700    741    740
    496    537    536    495    701    742    741    700
    496    497    538    537    701    702    743    742
    498    539    538    497    703    744    743    702
    498    499    540    539    703    704    745    744
    500    541    540    499    705    746    745    704
    500    501    542    541    705    706    747    746
    502    543    542    501    707    748    747    706
    502    503    544    543    707    708    749    748
    504    545    544    503    709    750    749    708
    504    505    546    545    709    710    751    750
    506    547    546    505    711    752    751    710
    506    507    548    547    711    712    753    752
    508    549    548    507    713    754    753    712
    508    509    550    549    713    714    755    754
    510    551    550    509    715    756    755    714
    510    511    552    551    715    716    757    756
    512    553    552    511    717    758    757    716
    512    513    554    553    717    718    759    758
    514    555    554    513    719    760    759    718
    514    515    556    555    719    720    761    760
    516    557    556    515    721    762    761    720
    516    517    558    557    721    722    763    762
    518    559    558    517    723    764    763    722
    518    519    560    559    723    724    765    764
    520    561    560    519    725    766    765    724
    520    521    562    561    725    726    767    766
    522    563    562    521    727    768    767    726
    522    523    564    563    727    728    769    768
    524    565    564    523    729    770    769    728
    524    525    566    565    729    730    771    770
    526    567    566    525    731    772    771    730
    526    527    568    567    731    732    773    772
    528    569    568    527    733    774    773    732
    528    529    570    569    733    734    775    774
    530    571    570    529    735    776    775    734
    530    531    572    571    735    736    777    776
    532    573    572    531    737    778    777    736
    532    533    574    573    737    738    779    778
    534    535    576    575    739    740    781    780
    536    577    576    535    741    782    781    740
    536    537    578    577    741    742    783    782
    538    579    578    537    743    784    783    742
    538    539    580    579    743    744    785    784
    540    581    580    539    745    786    785    744
    540    541    582    581    745    746    787    786
    542    583    582    541    747    788    787    746
    542    543    584    583    747    748    789    788
    544    585    584    543    749    790    789    748
    544    545    586    585    749    750    791    790
    546    587    586    545    751    792    791    750
    546    547    588    587    751    752    793    792
    548    589    588    547    753    794    793    752
    548    549    590    589    753    754    795    794
    550    591    590    549    755    796    795    754
    550    551    592    591    755    756    797    796
    552    593    592    551    757    798    797    756
    552    553    594    593    757    758    799    798
    554    595    594    553    759    800    799    758
    554    555    596    595    759    760    801    800
    556    597    596    555    761    802    801    760
    556    557    598    597    761    762    803    802
    558    599    598    557    763    804    803    762
    558    559    600    599    763    764    805    804
    560    601    600    559    765    806    805    764
    560    561    602    601    765    766    807    806
    562    603    602    561    767    808    807    766
    562    563    604    603    767    768    809    808
    564    605    604    563    769    810    809    768
    564    565    606    605    769    770    811    810
    566    607    606    565    771    812    811    770
    566    567    608    607    771    772    813    812
    568    609    608    567    773    814    813    772
    568    569    610    609    773    774    815    814
    570    611    610    569    775    816    815    774
    570    571    612    611    775    776    817    816
    572    613    612    571    777    818    817    776
    572    573    614    613    777    778    819    818
    574    615    614    573    779    820    819    778
    616    617    658    657    821    822    863    862
    618    659    658    617    823    864    863    822
    618    619    660    659    823    824    865    864
    620    661    660    619    825    866    865    824
    620    621    662    661    825    826    867    866
    622    663    662    621    827    868    867    826
    622    623    664    663    827    828    869    868
    624    665    664    623    829    870    869    828
    624    625    666    665    829    830    871    870
    626    667    666    625    831    872    871    830
    626    627    668    667    831    832    873    872
    628    669    668    627    833    874    873    832
    628    629    670    669    833    834    875    874
    630    671    670    629    835    876    875    834
    630    631    672    671    835    836    877    876
    632    673    672    631    837    878    877    836
    632    633    674    673    837    838    879    878
    634    675    674    633    839    880    879    838
    634    635    676    675    839    840    881    880
    636    677    676    635    841    882    881    840
    636    637    678    677    841    842    883    882
    638    679    678    637    843    884    883    842
    638    639    680    679    843    844    885    884
    640    681    680    639    845    886    885    844
    640    641    682    681    845    846    887    886
    642    683    682    641    847    888    887    846
    642    643    684    683    847    848    889    888
    644    685    684    643    849    890    889    848
    644    645    686    685    849    850    891    890
    646    687    686    645    851    892    891    850
    646    647    688    687    851    852    893    892
    648    689    688    647    853    894    893    852
    648    649    690    689    853    854    895    894
    650    691    690    649    855    896    895    854
    650    651    692    691    855    856    897    896
    652    693    692    651    857    898    897    856
    652    653    694    693    857    858    899    898
    654    695    694    653    859    900    899    858
    654    655    696    695    859    860    901    900
    656    697    696    655    861    902    901    860
    658    699    698    657    863    904    903    862
    658    659    700    699    863    864    905    904
    660    701    700    659    865    906    905    864
    660    661    702    701    865    866    907    906
    662    703    702    661    867    908    907    866
    662    663    704    703    867    868    909    908
    664    705    704    663    869    910    909    868
    664    665    706    705    869    870    911    910
    666    707    706    665    871    912    911    870
    666    667    708    707    871    872    913    912
    668    709    708    667    873    914    913    872
    668    669    710    709    873    874    915    914
    670    711    710    669    875    916    915    874
    670    671    712    711    875    876    917    916
    672    713    712    671    877    918    917    876
    672    673    714    713    877    878    919    918
    674    715    714    673    879    920    919    878
    674    675    716    715    879    880    921    920
    676    717    716    675    881    922    921    880
    676    677    718    717    881    882    923    922
    678    719    718    677    883    924    923    882
    678    679    720    719    883    884    925    924
    680    721    720    679    885    926    925    884
    680    681    722    721    885    886    927    926
    682    723    722    681    887    928    927    886
    682    683    724    723    887    888    929    928
    684    725    724    683    889    930    929    888
    684    685    726    725    889    890    931    930
    686    727    726    685    891    932    931    890
    686    687    728    727    891    892    933    932
    688    729    728    687    893    934    933    892
    688    689    730    729    893    894    935    934
    690    731    730    689    895    936    935    894
    690    691    732    731    895    896    937    936
    692    733    732    691    897    938    937    896
    692    693    734    733    897    898    939    938
    694    735    734    693    899    940    939    898
    694    695    736    735    899    900    941    940
    696    737    736    695    901    942    941    900
    696    697    738    737    901    902    943    942
    698    699    740    739    903    904    945    944
    700    741    740    699    905    946    945    904
    700    701    742    741    905    906    947    946
    702    743    742    701    907    948    947    906
    702    703    744    743    907    908    949    948
    704    745    744    703    909    950    949    908
    704    705    746    745    909    910    951    950
    706    747    746    705    911    952    951    910
    706    707    748    747    911    912    953    952
    708    749    748    707    913    954    953    912
    708    709    750    749    913    914    955    954
    710    751    750    709    915    956    955    914
    710    711    752    751    915    916    957    956
    712    753    752    711    917    958    957    916
    712    713    754    753    917    918    959    958
    714    755    754    713    919    960    959    918
    714    715    756    755    919    920    961    960
    716    757    756    715    921    962    961    920
    716    717    758    757    921    922    963    962
    718    759    758    717    923    964    963    922
    718    719    760    759    923    924    965    964
    720    761    760    719    925    966    965    924
    720    721    762    761    925    926    967    966
    722    763    762    721    927    968    967    926
    722    723    764    763    927    928    969    968
    724    765    764    723    929    970    969    928
    724    725    766    765    929    930    971    970
    726    767    766    725    931    972    971    930
    726    727    768    767    931    932    973    972
    728    769    768    727    933    974    973    932
    728    729    770    769    933    934    975    974
    730    771    770    729    935    976    975    934
    730    731    772    771    935    936    977    976
    732    773    772    731    937    978    977    936
    732    733    774    773    937    938    979    978
    734    775    774    733    939    980    979    938
    734    735    776    775    939    940    981    980
    736    777    776    735    941    982    981    940
    736    737    778    777    941    942    983    982
    738    779    778    737    943    984    983    942
    740    781    780    739    945    986    985    944
    740    741    782    781    945    946    987    986
    742    783    782    741    947    988    987    946
    742    743    784    783    947    948    989    988
    744    785    784    743    949    990    989    948
    744    745    786    785    949    950    991    990
    746    787    786    745    951    992    991    950
    746    747    788    787    951    952    993    992
    748    789    788    747    953    994    993    952
    748    749    790    789    953    954    995    994
    750    791    790    749    955    996    995    954
    750    751    792    791    955    956    997    996
    752    793    792    751    957    998    997    956
    752    753    794    793    957    958    999    998
    754    795    794    753    959   1000    999    958
    754    755    796    795    959    960   1001   1000
    756    797    796    755    961   1002   1001    960
    756    757    798    797    961    962   1003   1002
    758    799    798    757    963   1004   1003    962
    758    759    800    799    963    964   1005   1004
    760    801    800    759    965   1006   1005    964
    760    761    802    801    965    966   1007   1006
    762    803    802    761    967   1008   1007    966
    762    763    804    803    967    968   1009   1008
    764    805    804    763    969   1010   1009    968
    764    765    806    805    969    970   1011   1010
    766    807    806    765    971   1012   1011    970
    766    767    808    807    971    972   1013   1012
    768    809    808    767    973   1014   1013    972
    768    769    810    809    973    974   1015   1014
    770    811    810    769    975   1016   1015    974
    770    771    812    811    975    976   1017   1016
    772    813    812    771    977   1018   1017    976
    772    773    814    813    977    978   1019   1018
    774    815    814    773    979   1020   1019    978
    774    775    816    815    979    980   1021   1020
    776    817    816    775    981   1022   1021    980
    776    777    818    817    981    982   1023   1022
    778    819    818    777    983   1024   1023    982
    778    779    820    819    983    984   1025   1024
